27
39
43
45
47
51
54
58
59
64
65
66
67
68
69
70
71
72
73
74
75
76
77
78
79
80
81
96
99
105
107
114
116
117
118
119
121
122
128
129
130
131
132
133
134
135
136
137
138
139
140
141
142
143
164
197
226
228
231
234
235
240
241
242
243
244
245
248
249
250
251
252
253
254
255
264
265
267
269
273
278
285
286
292
299
307
312
313
348
361
365
366
402
403
419
426
427
429
460
474
476
491
492
493
510
511
612
613
614
615
616
617
618
619
620
621
622
623
624
625
626
627
656
657
660
661
662
663
664
665
667
676
677
678
679
680
681
682
683
700
701
702
703
739
740
741
742
743
744
745
746
752
753
754
760
762
763
764
765
766
767
768
769
770
771
772
773
774
775
776
777
778
782
822
862
923
924
926
952
962
999
3901